x = [-1 0 1 2 3 4 5];  
y = [1 0 1 4 9 16 25];  
